.Random.seed <-
c(403L, 10L, -503784829L, 1877684498L, -574524252L, -1483561881L, 
1070837181L, -682315980L, 1028492442L, -1901088027L, -576549761L, 
-1050049018L, 1492177296L, 1673841715L, -1498184751L, 2030455168L, 
-2096618402L, -583470167L, 1140468315L, 1375538794L, -395496692L, 
-1662495409L, -224604667L, 1138570428L, -276404846L, 1318862477L, 
-1186999097L, -1043762770L, 536714248L, -328511477L, -1165220631L, 
-1803058248L, -1387738010L, -772182783L, 2124032915L, 1849207874L, 
1916818420L, -1728619017L, 760316397L, -2112327036L, 1062954154L, 
-893054443L, -1471435089L, 781421750L, -1289602336L, -1906186717L, 
1094412609L, -789456L, 344747598L, 1218968249L, 364191435L, -376469638L, 
-1264603524L, -1485657409L, 429951893L, -22991956L, 840286594L, 
-751433891L, -1467864489L, -986767042L, 1956094328L, -274556325L, 
-459493959L, -880455672L, -767708490L, -1239840271L, 758104099L, 
929890418L, -510811452L, 329307271L, 969910365L, 2044079700L, 
-1451176838L, -676718651L, -66316001L, -1036625754L, 1592506928L, 
2049736915L, 880119537L, 2048585248L, -1026369346L, 1759886537L, 
1686451835L, 1304147018L, 3513516L, -498185297L, 203272037L, 
-1711176420L, 177442162L, -854211091L, -1259451865L, 253962830L, 
1267199656L, -50420565L, 1549206985L, -652146216L, 641491078L, 
-1976111775L, -762224397L, 2012680034L, -2009896492L, -281862953L, 
1047912141L, -1065576860L, 643241034L, 933011893L, 738241807L, 
1715440150L, 177833152L, -177290621L, -1886908767L, 574554256L, 
1873521518L, -698600167L, 68257195L, -34503782L, -2021188772L, 
1356216927L, -1593286091L, 1483860428L, -332111582L, 1238623101L, 
-637091721L, 270435742L, -824525736L, 2132568507L, 1885941593L, 
1880296680L, -1849141994L, -1986574703L, 1337068355L, -1619995054L, 
913291492L, 1392356135L, -42573955L, -1803226508L, 549612634L, 
344847525L, -1283158337L, 927921478L, -1515177008L, -1789061645L, 
-875159279L, -1073238720L, -1773343458L, 1394973161L, 1242372891L, 
734070058L, 151281228L, -135566833L, -1256870587L, -1012191492L, 
221463890L, 562588365L, -1651768697L, -493337234L, -125403320L, 
-136066229L, -1707724119L, 22231032L, -1394108634L, 682117185L, 
-2068944429L, -1589050494L, 1388079028L, 1823670071L, 1877628461L, 
-965744828L, 1582584938L, 677809877L, 1947519087L, -2080437898L, 
-690408800L, -1045880989L, 458912769L, -1167163536L, 350893838L, 
-97046151L, 1466483979L, -1165468102L, -672099012L, 754883199L, 
-1138032171L, 196403180L, -244629182L, 629735069L, -2124129513L, 
-687781250L, 1144625720L, 647159067L, -894530951L, -1676704056L, 
1030528758L, 1070757681L, 1039527779L, -1551170254L, 897275524L, 
-347520313L, -550297187L, -362584812L, 1235856314L, -29876731L, 
-1984962593L, -316058010L, 112886256L, -160755949L, 1387630769L, 
1622094688L, 72081662L, -1538633591L, -1621327941L, 590350730L, 
-2110211988L, -1333437969L, 1259639333L, 578012892L, -1165075278L, 
858140589L, 1006973799L, 1417662606L, -28332696L, 52800875L, 
1770028809L, 247599512L, 1791228102L, -76248543L, -1948724557L, 
726851618L, 1482406420L, -886276238L, -935026896L, -626703324L, 
1286292024L, 1991567066L, 531530640L, 1895340284L, 399999380L, 
-1982512318L, 282409472L, 1901986876L, -313873840L, -1607629662L, 
-95340728L, -917594612L, 1213931228L, 1083965522L, -1710317440L, 
-1179100332L, 1131013096L, -2061892870L, -2037407920L, -1925545940L, 
-650636940L, -632737134L, 251396704L, 714278028L, 1253127520L, 
-588257054L, 1457438888L, -795243828L, 1864885756L, 18685874L, 
-969181200L, 877086148L, 67295576L, 1988932986L, 460654000L, 
2076764604L, 1722137172L, -1905136190L, -1575306464L, -524047428L, 
641090640L, 788160482L, 1658405736L, 1168443212L, -1875936516L, 
856447730L, 529314048L, -64416652L, 95910408L, 1751419322L, 937998800L, 
127618028L, 547669908L, -839824174L, 1543850080L, 249749836L, 
854664992L, -1901892990L, 199649768L, -932637716L, 1816264252L, 
1710365298L, -697606288L, -1215532764L, -1045336520L, 1262165402L, 
-1876347440L, -1662807620L, 616137364L, -2109745534L, 463196608L, 
2132582204L, -940411248L, 1404924706L, -1380211192L, -1704282356L, 
-387811428L, 1924349970L, -1866849408L, 1498447636L, 1570326824L, 
1670733882L, 1367201744L, 330566252L, 2042416180L, -1929202542L, 
-62407328L, 1427329356L, 1865820640L, 15818658L, 1041330088L, 
1797665932L, 2069730236L, -1510606734L, -1590553616L, -839712700L, 
2084271192L, 1535905850L, 2129682544L, 1158124092L, -900613356L, 
175169218L, -829677856L, 2101482620L, 1569587408L, -133606494L, 
-630975960L, 2117362956L, 1199684540L, 561530162L, 1911999680L, 
-1429602764L, -421169464L, -1171695942L, -1666711408L, -1215841556L, 
-64673196L, -135696750L, -358376672L, -1906070580L, -1209352992L, 
151694018L, -1592893400L, -536474708L, 726973116L, 1310025202L, 
68929072L, 1874948004L, -2100984392L, -816914598L, 1483462800L, 
1195731836L, -2077826284L, -1653038782L, -1340538112L, -1966411844L, 
1522807632L, -2040498910L, 141827656L, -725129204L, -291483556L, 
1741830610L, -1040860672L, 1792663892L, 347989224L, -238248710L, 
1100027600L, 745327916L, -479434508L, -921995886L, 856398176L, 
-850905076L, 2046492384L, -126518686L, -1157292376L, -1761913268L, 
-1310475396L, -526633678L, 531463792L, 512064324L, -123857960L, 
353804154L, 77263408L, 1868991420L, -341892524L, 1509411906L, 
1356470432L, -837172548L, 1449926096L, 610899810L, 1092276968L, 
1556980940L, 1053535740L, 407525874L, 1579792000L, -980490764L, 
-566996344L, -556284102L, -1278730416L, -717370260L, -1222103660L, 
-2019292078L, 229677536L, 217699532L, -1418727264L, -708892286L, 
1869101288L, 282977004L, -1336052420L, 476351602L, 470189168L, 
951086116L, 706338872L, -1767797990L, 885636304L, 1277803324L, 
534423444L, -1231081598L, 853792192L, 2133025340L, 2080078224L, 
343120418L, -1139446520L, 1364466316L, 2038937372L, -241413998L, 
-615816832L, -2036055532L, 225002280L, 1522755130L, -838305328L, 
-833964692L, -1052568652L, 1604549650L, -1059261984L, -2076933172L, 
-561270560L, 1947920418L, -227959512L, 16479756L, 522756924L, 
-913812494L, -1072521488L, 1552583236L, 962793405L, -2063418233L, 
387715184L, 1932647182L, -1904854981L, 459241245L, -1706502710L, 
1512451816L, 255009233L, 367915971L, -231879484L, -1620438158L, 
1067044423L, -1038946799L, 166838166L, 1946043124L, -1663802235L, 
-910681649L, 716868808L, 1002405222L, 342531987L, -1765097227L, 
960481490L, -1731004640L, 1583429385L, 2136350779L, -120810100L, 
703384602L, 344105103L, 36009945L, 79861870L, 1653677052L, -1669674643L, 
-1655160041L, -1069030688L, 1420599486L, -1639297397L, 2085033229L, 
-1670489798L, 1628563832L, 833784609L, -1555915821L, 402301684L, 
1541639042L, -664405481L, 1071700193L, -214092250L, -13832412L, 
-2141839403L, 1332324223L, 624415256L, 687919414L, -9928765L, 
1078017541L, -386962014L, 1801433488L, 128338233L, 1225330155L, 
-1475547428L, 272407306L, 450631167L, 637103177L, 1453329886L, 
1453940108L, -592336547L, -111247001L, 101040784L, -1101603666L, 
-251523749L, -2083229379L, 1725307818L, 1786006600L, 1176286321L, 
2087436771L, -635069212L, -350664686L, -1548063769L, -124333135L, 
964210166L, -457060332L, -1003684059L, -2028656593L, -1507069464L, 
2131576518L, -1076885645L, 1537417173L, -2043684942L, 35918208L, 
240494953L, -1681211941L, -1716128468L, 1728446266L, -742395409L, 
1448543353L, -847218930L, 1871688412L, 1168888141L, -1959261001L, 
402855488L, 1447638814L, -860566037L, 1102049645L, -150106150L, 
-881092200L, -428693503L, -2059368013L, -912408364L, 394462690L, 
467882103L, -2016447039L, -112271546L, 837823108L, -688270283L, 
1838568479L, 1245574008L, -1535985066L, 1991313123L, -598138715L, 
1902211394L, -1786104016L, 234701657L, -1000617781L, 442644796L, 
-1093208726L, -1366360161L, -2097968599L, 1480185022L, 848022956L, 
-1626082563L, 1462779463L, -125641424L, -2118144434L, 1061215867L, 
990850525L, -203977718L, -158094040L, 1511302033L, -710888061L, 
1237095044L, 1864569010L, 1436872711L, 1917545553L, 41778134L, 
-369556812L, -2139118907L, -1196424177L, -1772116856L, 1582499238L, 
